,1
Biomass growth rate,0.08199198428396626
Glucose uptake,-1.114
ALCD25yi,0.0
MTHFCm,0.0
AMPN,0.0
DAGCPTer_RT,0.0
PYRt2,0.0
NNDPRm,0.0
HMGCOASm,-0.007916941022501785
PDE4,0.0
PAPSR,0.0
FACOAL80p,0.0
URIH,0.0
ACOAO4p,0.0
3IPM3MT,0.0
UDPGD,0.0
CYTDK2,0.0
ACACT4m,0.0
CHTNDA,0.0
FACOAL141,0.0
ACACT7p,0.0
POLYAO,0.05807164278895646
MEVK1,0.07275353745477035
DATUP,0.0
TAUDO,0.0
CSp,0.0
PSERT,0.0
GK2,-0.00387297336963743
CYSt2r,0.0
ATPS2v,0.0
SPHPLer,0.0
PLBPCe_RT,0.0
ALDD19xr,0.0
GTHRDH_syn,0.0
NDPK7,0.0
PPDOy,0.0
GLYCLTDy,0.0
DGK1,0.0
SLCBK2er,0.0
CERS126er,0.0
CSm,0.9936344995251031
MI145P6Kn,0.0
ADK3m,0.07743304805971435
DMATT,0.024129831014849848
PMPK,0.00011421483410756499
LGTHL,0.0
PUNP3m,0.0
PPNDH,0.007802685192399365
GLYTRS,0.042079926174217165
HACD4p,0.0
GAT2er_RT,0.0
DASYNer_RT,0.0030255042200783545
ACOAD8m,0.0
ECOAH1p,0.0
KYN,0.047218445821277245
HSTPT,0.00512941853680493
FACOAL141p,0.0
FE2t,-0.00035125366067251143
3MOPDC,0.0
PTE11x,0.0
GLUTRS,0.01710951333648809
AICART,0.015134162451116026
CYTD,0.0
42A12BOOX,0.0
DPGM,0.0
TPI,0.51174807680093
COAtim,0.0
NADS2,0.0
ACACT4p,0.0
HISTRS,0.005015203702697364
PHETRSm,0.0
OMCDC,0.026254243327647416
LEUTA,-0.21040028680695735
DTMPK,0.00020686577634844688
ALCD23yi,0.0
FA140COAabcp,0.0
FACOAL160p,0.0
PGL,0.0
THRD_Lm,0.0
BGLA,0.0
TRPTRS,0.0019119710815178092
AMETt2,0.0
SHSL1,0.0
AHSERL,0.0
ACtr,0.0
LNS14DMrx,0.0
ACOAD10m,0.0
TMDPP,0.0
INSTt2,0.0
IPC224PLCg_RT,0.0
DCTCP,0.0
TRPTRSm,0.0
HEX7,0.0
HICITDm,0.01413000661959304
MALtm,0.0
AMID,0.0
MCITSm,0.0
GNNUC,0.0
PNTK,6.31338278986671e-05
FAO80p,0.0
ADA,0.0
GLUDxi,0.0
URAt2,0.0
FA180COAabcp,0.0
AMID2,0.0
ERGSTt,0.0
CSNATp,0.00034994178892396797
UDPG4E,0.0
CYOR_u9m,4.564926097792934
SHK3Dr,0.015346521690414604
SSALy,0.0
CYSDS,0.0
RBK,0.0
MOHMT,6.31338278986671e-05
IPC324PLCg_RT,0.0
GARFT,0.010004743914311096
PYDAMK,0.0
HKYNH,0.0001379925095502839
DATCY,0.0
NNATn,0.0
METTRSm,0.0
SFGTHi,0.0
IPCS226g_RT,0.0
ACP1e,0.0
FAO141p_even,0.0
FTHFLi,0.11857090424859808
ASAD,-0.05553328877569883
ECOAH7p,0.0
FACOAL140p,0.0
ECOAH9m,0.0
HXPRT,0.0
H2Otm,-16.25116482221439
C22STDSrx,0.0
NTRLASE2,0.0
DHAD2m,0.013001386955924244
ERGSTGLCT,0.0
FACOAL182,0.0
P5CR,0.0
PSPHPLer,0.0
MI1PP,0.0
NAt3_1,0.0
NDPK10,0.0
BPNT2,0.0
RNDR3n,0.0
CPPPGO,5.665646114022068e-05
PTRCt3i,0.27506621692389904
NAPRT,0.0
MIP2C324PLCg_RT,0.0
ALCD2x,-1.2923847033030664
PTE7x,0.0
NDPK3,0.09348111108175428
FAO161p_odd,0.0
LANOSTt,0.0
FACOAL120,0.0
ECOAH5m,0.0
SACCD4m,0.0
C4STMO2er,0.012006250242669745
URIDK2r,-0.0005582014290052423
NTPP9,0.0
CERS2p24er,0.0
ALPHNH,0.0
DURIPP,0.0
GLUDy,-0.4960212037119813
HSERTA,0.008218712520656231
CITtam,-0.15112049212957668
PHETRS,0.007802685192399365
FMNAT,6.157598019725867e-05
TYRTRS,0.005113266115900988
TYRTRSm,0.0
NTRLASE3,0.0
ILETRSm,0.0
ASPK,0.05553328877569883
DIPS,0.0
UDPGALt2g,0.0
LALDO3,0.0
HSK,0.0473145762550426
GTPt2m,0.0
PPCDC,6.31338278986671e-05
ATPATF1,0.0
PRATPP,0.00512941853680493
ASPTRS,0.016176690531289405
TYRt6,0.0
FAO161p_even,0.0
PSERDv_RT,0.0
IMPC,-0.015134162451116026
DGTUP,0.0
PDE5,0.0
NDPK9,0.0
RNDR4n,0.0
SUCRe,0.0
TYRt7,0.0
RPE,0.0535582573607471
HEX4,0.0
ILEt7,0.0
ADNUC,0.0
DHQTi,0.015346521690414604
ORNt3m,0.01288635220197384
LEUTAm,0.18414604347930993
ECOAH6m,0.0
NADH2_u9cm,0.0
OMCDCm,0.0
FA182COAabcp,0.0
CHLPCTD,0.0
NDPK2,0.14785393147570067
ACOAH,0.0
CERS2p26er,0.0
PYK,1.2878485326007394
TRDRm,0.0
FAS180COA,0.015778045503700766
PPCOAOm,0.02159810043821889
GHMT2r,-0.08320046414032767
ACACT5p,0.0
ALLTAHr,0.0
CERS324er,0.0
PGAMT,0.0
PMEVK,0.07275353745477035
FAS80COA_L,0.01774618109445309
DHFS,0.00031993272267602404
ACGKm,0.01288635220197384
PGCD,0.0
PPBNGS,0.00022662584456088273
PRMICI,0.00512941853680493
PPNCL3,6.31338278986671e-05
NNAMrm,0.0
PGM,-1.3185415759815686
CYTK2,0.0
MIP2C224PLCg_RT,0.0
GTMLT,0.0
ASP1DC,0.0
ETHAPTer_RT,0.0
PGMT,-0.1374397195918727
GTHRDabcv,0.0
DOLPMMer,0.06624468577437198
DADK,0.0
DTTGY,0.0
ZYMSTt,-0.011064408319199824
ADNCYC,0.00014692963583686752
URIt2,0.0
ASPCT,0.008430251840108833
CYSTRS,0.0028097833094272396
ARGt2r,0.0
ACITL,0.0
G12MT2g,0.0
PFK_2,0.0
ABUTD,0.0
PEAMNO,0.0
ALDD2x,0.0
PDE1,0.0
IPCS224g_RT,0.0
ALKP,0.0
3HPCOAHYDm,0.02159810043821889
ASNt6,0.0
DGTCY,0.0
ATPS,0.0
ACGAMPM,0.0025421614727243738
PHETA1,-0.007802685192399365
HEX10,0.0
16GS,0.014538408693311477
MCOATAm,0.0
NADS1n,0.0
AMPTASECG,0.0
THFGLUS,0.0
ADK1,0.9733735398700002
BTDD_RR,0.0
HMGCOAS,-0.07275353745477035
GTPCI,0.00031993272267602404
GMAND,0.0
MTHFDm,0.0
LEUTRS,0.026254243327647416
PMETMer_RT,0.0014102621296842198
G3PD1ir,0.0069775178625655285
NNAM,0.0
GLPT,0.0
DRBK,0.0
ADNt2,0.0
UREA2t2,0.0
ASPTA,-0.12119820922919337
MIPCS326g_RT,0.0
PRAMPC,0.00512941853680493
ADSL1r,0.010174385329794634
ARGN,0.0
ICDHyp,0.0
TKT2,0.2392580762728978
SAM24MTer,0.000461696863503014
BACCL,0.0
DUTUP,0.0
GTHOr,0.0
MTHFD,-0.09343199788317096
ATP2tp_H,0.00797761509087192
GLUDC,0.0
METt2r,0.0
HBCO_nadp,0.0
VALTAm,-0.02256157033145043
GTHRDt2,0.0
METSOXR1,0.0
PLDn_RT,0.0
NAPRTm,0.0
FACOAL260p,0.0
PYDXNK,0.00011421483410756499
ALCD2y,1.2923847033030664
IG3PS,0.00512941853680493
AGATer_RT,0.0069775178625655285
DCTPD,0.0
CYTDt2,0.0
UPPRT,0.0
ECOAH12m,0.0021769512606287533
LCYSTCBOXL,0.0
DHAK,0.0
GRTT,0.024069156946479712
ILETRS,0.013001386955924244
IPCS124g_RT,0.0
ILETA,-0.013001386955924244
UREASE,0.0
PTE9m,0.0
TYRTA,-0.005173940184271124
GLCP,0.0
PYRDC,0.07717829896454406
PINOSer_RT,0.00038536232613464136
NNDPR,0.0001379925095502839
MIPC124PLCg_RT,0.0
PIt2m,14.404334850537154
PYDXO_1,0.0
RBFSa,0.0002854960892767705
PMANM,-0.06624468577437198
METTRS,0.004677642703400275
NADS1,0.0001379925095502839
PSERDg_RT,0.0
GLYOX,0.0
D_LACDcm,0.0
ACOAO5p,0.0
DRTPPD,0.00014274804463838524
ALASm,0.00045325168912176546
ALCD24xi,0.0
NDP3g,0.0
DAGPYPer_RT,0.0035420537210673424
SPMDt3i,0.0
FACOAL100p,0.0
ACACT6m,0.0
3MOBDC,0.0
DAGKer_RT,0.0
MDHm,0.9673802561974557
SERTRS,0.027620639745739712
TALA,-0.1856998189121507
ALCD25xi,0.0
GAPD,1.3185415759815686
OIVD3m,0.0
APCPT,0.0
OCBTm,0.0
C5STDSer,0.000461696863503014
CITtcm,0.15112049212957668
13GS,0.07850748893586626
SHCHD2,0.0
GALKr,0.0
PTE9x,0.0
TMDPK,0.00011421483410756499
CERH126er,0.0
ACONTam,-0.9936344995251031
DCTUP,0.0
MIPC324PLCg_RT,0.0
GLYCTO1p,0.00031993272267602404
FECOSTESTH_RT,0.0
HACD7p,0.0
THRt2r,0.0
ETF,0.0
NP1,0.0
PTPATi,6.31338278986671e-05
IGPS,0.04926840941234534
ALDD20x,0.0
LYSt6,0.0
METS,0.009750404779064983
CYSTL,0.0
PI35BP5Per_RT,0.0
NADK,6.518362750612186e-05
NTD2,0.0
TRDR,0.00928641214000204
MIPCS226g_RT,0.0
CDPDGPm_RT,0.00014758557171113925
FA141COAabcp,0.0
HISTP,0.00512941853680493
FACOAL161p,0.0
GK1,0.00883275049095882
EPISTATer_RT,0.0
ACHLE2,0.0
ACACT6p,0.0
GMPS2,0.0
ADCS,0.00031993272267602404
IMPD,0.004959777121321391
TRPTA,0.0
COAHLp,0.0
LANOSTESTH_RT,0.0
ORNTACim,0.01288635220197384
VALt2r,0.0
C24STRer,0.000461696863503014
ASNt7,0.0
YUMPS,0.0
PCDAGATer_RT,0.0
FA161COAabcp,0.0
IPC226PLCg_RT,0.0
FAS140COA,0.01774618109445309
ACLSm,0.05105589874762527
FAO141p_odd,0.0
G6PDH2r,0.0
PIN3Kn_RT,0.0
PSPHSer,0.00032845988904156885
PDHm,0.9507262903256601
NH4t,0.5411712019175382
GLUCYS,0.00015742460982521523
ALATRS,0.04735643833082753
PPPGOm,2.832823057011034e-05
DCMPDA,-0.00035133565265679534
GLNTRS,0.009666690963111055
AMPDA,0.0
OCBT,0.01202617429485075
ACACT1r,0.07275353745477035
ADEt2,0.0
TREH,0.0
GLUt2r,0.0
FECOSTt,0.0
BFFS,0.0
TRIGSer_RT,0.0035420537210673424
DDPAm,0.0
GBEZ,0.0
HPROb,0.0
TMPPP,0.00011421483410756499
TKT1,-0.1856998189121507
FBA,0.5187255946634955
DB4PS,0.0002854960892767705
ARGSS,0.01202617429485075
DHQS,0.015346521690414604
LEUt2r,0.0
PSCVT,0.015346521690414604
ABUTt2r,0.0
ECOAH6p,0.0
CTPS1,0.0036798822466486882
LANOSTATer_RT,0.0
MIP2C226PLCg_RT,0.0
HACD5p,0.0
ACGAM6PS,0.0025421614727243738
GTHS,0.00015742460982521523
GUACYC,0.0
GLUt7m,0.0
PRASCSi,0.010004743914311096
UTUP,0.0
PPND2,0.005173940184271124
PRAGSr,0.010004743914311096
FAS120COA,0.01774618109445309
SERPTer,0.00032845988904156885
G5SD,0.019341663116634787
MTRI,0.05846003881850962
CYSS,0.0
GLCS2,0.04247750530601011
HISt2r,0.0
ATHRDHr,0.0
DOLPMTcer,0.06624468577437198
PEPAT,0.0
CYSTA,0.0
PROt2r,0.0
ACOAD9m,0.0021769512606287533
DROPPRx,0.00014274804463838524
PDXPP,0.0
G12MT1g,0.0
PPAm,0.07827026821123795
AIRCr,0.010004743914311096
LEUTRSm,0.0
GLYK,0.0
GTHOm,0.0
CSNATm,0.00034994178892396797
NTPP10,0.0
PUNP2,0.0
HEMEOSm,5.665646114022068e-05
PIN4Kn_RT,0.0
ADSL2r,0.010004743914311096
NDPK5,0.0
ALAt2r,0.0
FAO181p_even,0.0
CSNt2,0.0
GLYCDy,0.0
ATPS3m,13.818573048651762
GLNt6,0.0
DHAD1m,0.05105589874762527
HCYSMT,0.0
HCO3E,0.31165337191518866
FKYNH,0.047356438330827526
UMPKn,0.0
FACOAL120p,0.0
MI1345PKn,0.0
PUNP5,0.0
ARGTRS,0.01202617429485075
HSDxi,0.05553328877569883
TYRTAip,0.0
GLYGS,0.0
FBA2,0.0
ASNTRSm,0.0
H2Ot,-4.698405282090196
ASPt7,0.0
ADPRDP,0.0
PRFGS,0.010004743914311096
AMAOTrm,0.0001982566179986304
ILETAm,0.0
PSERSer_RT,0.002640141893943713
NTRLASE,0.0
PHEt2r,0.0
UAGDP,0.0
ACACT9p,0.0
MIPCS324g_RT,0.0
AHSERL2,0.008218712520656231
ASNS1,0.0
EPISTESTH_RT,0.0
MTHFR2,0.0
AGTi,0.0
3DSPHRer,0.00032845988904156885
PIN4Ker_RT,0.0
PYDXNO,-0.05802056178274756
FRTT,0.0
PNTOt2,0.0
DPR,6.31338278986671e-05
SBTD_D2,0.0
SERD_L,0.0
FALDH2,0.0
LYSt2r,0.0
TRE6PP,0.0019163166566848594
GLYCt2,0.0
ADMDC,0.05846003881850962
NDPK8,0.0
TYRt2r,0.0
ALCD19y,0.0
MIPC226PLCg_RT,0.0
FRUt2,0.0
ALCD22xi,0.0
ADSS,0.010174385329794634
HPRO_u9m,0.0
ARAB14LO,0.0
PETOHMer_RT,0.0014102621296842198
GTHPi,0.0
THMt2,0.0
UPP3MT,0.0
RPI,0.05384375345002387
MIP2C126PLCg_RT,0.0
LSERDHr,0.0
HETZK,0.0
UPP3S,5.665646114022068e-05
THIORDXm,0.0
GLCGSD,0.0
TMDS,0.00020686577634844688
XYLTD_D,0.0
VALTRS,0.02256157033145043
URIK1,0.0
ERGSTATer_RT,0.000131187174854346
PYAM5PO,0.0
NADH2_u9m1,0.0
IPMD,0.026254243327647416
IPC326PLCg_RT,0.0
CHTNS,0.0025421614727243738
PTE2x,0.0
MIPCS224g_RT,0.0
MANt2,0.0
RNDR1,0.00020096235348000143
ACACT10m,0.0
SADT,0.0
NTD4,0.0
LPPer_RT,0.0
MDRPD,0.05846003881850962
CLPNSm_RT,0.00014758557171113925
2DOXG6PP,0.0
THRA,0.0
FAS160COA,0.01774618109445309
AASAD1,0.01413000661959304
HACONTbm,0.01413000661959304
UTCY,0.0
ADCL,0.00031993272267602404
MMSAD3m,0.02159810043821889
GNK,0.0
THRA2,0.0
SQLErx,0.0
NDPK4,0.00020686577634844688
PRAIS,0.010004743914311096
ACSm,0.07717829896454406
GND,0.0
SULR,0.008218712520656231
CHLt2,0.0
FAO182p_odd,0.0
CERS326er,0.0
PUNP1m,0.0
FACOAL181,0.0
AMID3,0.0
FMETTRSm,0.0
CATp,0.00015996636133801202
LEUt6,0.0
MI4PP,0.0
FADFMNtm,0.0
SBPP1er,0.0
ACHLE3,0.0
PDE2,0.0
GUAt2r,0.0
GLUt7,0.0
PUNP1,-0.05846003881850962
EPISTt,0.0
ME2,0.0
SACCD1,0.01413000661959304
IPPMIb,-0.026254243327647416
C8STIer,0.000461696863503014
IPC126PLCg_RT,0.0
PLBP1Ie_RT,0.0
APNPT,0.0
PGK,-1.3185415759815686
CTPtm,0.00023851468228205786
ORNTArm,0.0
PUNP7,0.0
ARGTRSm,0.0
ADNK1,0.0633345442761757
CYTK1,0.0
FACOAL160,0.0
RNDR4,0.0005582014290052423
MALT,0.0
ACS2,0.0
CTPS2,0.0
ORNt2r,0.0
ACONTbm,0.9936344995251031
FAO182p_even,0.0
CYSTGL,0.003342813199257333
ECOAH4m,0.0
OPAH,0.0
THRD_L,0.029429664723181016
HISTRSm,0.0
PTE7m,0.0
PLBPC_RT,0.0
LEUt7,0.0
ADHAPRer_RT,0.0
C22STDSer,0.000461696863503014
SACCD2,0.01413000661959304
ASPTAp,0.0
PFK_3,0.0
ILEt6,0.0
PROTRS,0.019341663116634787
ACOAO8p,0.0
FBP,0.0
NMNAT,0.00011421483410756499
TRPO2,0.047356438330827526
BPNT,0.0
IPCS126g_RT,0.0
ALCD26xi,0.0
SHCHF,0.0
PUNP4,0.0
ATPATF2,0.0
MTHFC,-0.09343199788317096
PI4P5Kn_RT,0.0
URIDK2rn,0.0
GALt2,0.0
UNK3,0.05846003881850962
ORNDC,0.0008601779071230903
CHOLK,0.0
MIPC126PLCg_RT,0.0
IPPSm,0.026254243327647416
VALTRSm,0.0
ALLTN,0.0
THIORDXni,0.0
NTPP11,0.0
ABTA,0.0
PYDXPP,0.00011421483410756496
SUCFUMtm,0.0
LCYSTintv,0.0
MTHFD2i,0.0
PTE10x,0.0
G3PIt,0.0
PPYRDC,0.0
ALR2,0.0
PC,0.14751312662521093
D_LACt2,0.0
GLYCt,0.0
GLYt2r,0.0
ADSK,0.0
PPCK,0.0
TCHOLAabcv,0.0
SHKK,0.015346521690414604
LYSTRS,0.01413000661959304
MGCHrm,0.0
TAGL_RT,0.0
FRDcm,0.023775051698847645
HACD6p,0.0
4HGLSDm,0.0
FA240tp,0.0
MFAPSer_RT,0.0014102621296842198
ALDD20y,0.0
PDX5POi,0.0
GUAPRT,0.0
GLU5K,0.019341663116634787
MIPC224PLCg_RT,0.0
CHORM,0.012976625376670489
FACOAL80,0.0
FACOAL161,0.0
CYSTAm,0.0
ILEt2r,0.0
UGLT,0.0
ITCY,0.0
GLNt2r,0.02075754169722348
ADD,0.0
DASYNm_RT,0.0002951711434222785
GF6PTA,0.0025421614727243738
DADA,0.0
NDPK1,0.0
MIPC326PLCg_RT,0.0
FAO181p_odd,0.0
CERS224er,0.0
G3PT,0.0
FA260tp,0.0
MIP2C124PLCg_RT,0.0
ENO,1.3185415759815686
ACON3MT,0.0
HACD8p,0.0
HEX1,1.114
MCPST,0.0
ASNt2r,0.0
AHCi,0.004874505457666077
ADPT2,0.0
ACOTAim,0.01288635220197384
IPCS324g_RT,0.0
ASNN,0.0
NNMT,0.0
ACACT1m,0.007916941022501785
HACD10p,0.0
DHORTS,-0.008430251840108833
ACACT8p,0.0
PFK,0.5187255946634955
MAN1PT,0.06624468577437198
IPC124PLCg_RT,0.0
PRDX,0.0
ACOAO6p,0.0
RNDR1n,0.0
KARA1im,0.05105589874762527
SBTD_L,0.0
ALCD22yi,0.0
DNADDP,0.0
SUCOASm,-0.7684491721361026
THRS,0.0473145762550426
SBPP2er,0.0
UMPK,0.0
PYDXK,0.0
ADPT,0.0
DNMPPA,0.00031993272267602404
MIP2C326PLCg_RT,0.0
ACOAO7p,0.0
FECOSTATer_RT,0.0
ACALDCD,0.0
AMETtm,0.0003965132359972602
CERH124er,0.0
PPA,1.2600084158164944
OMPDC,0.008430251840108833
LPCATer_RT,0.0
MI1456PKn,0.0
IPCS326g_RT,0.0
IPPS,0.0
XPPT,0.0
ECOAH4p,0.0
RBFKm,0.0
NDPK6,0.0
ICLp,0.15112049212957668
NACt,0.0
FMNATm,0.0
IMACTD,0.0
ECOAH1m,0.0
FBA3,0.0
IPPMIa,-0.026254243327647416
RNMK,0.00011421483410756499
SLFAT,0.008218712520656231
GAT1er_RT,0.0069775178625655285
THRTRS,0.017884911531861558
HPYRRy,0.0
DHORDfum,0.008430251840108833
3HAO,0.0001379925095502839
MIPCS124g_RT,0.0
NNAT,0.0001379925095502839
TRPS1,0.04926840941234534
PTE2m,0.0
PI45BPPn_RT,0.0
FA160COAabcp,0.0
CSND,0.0
SERt2r,0.0
MALTt2,0.0
DPCOAK,6.31338278986671e-05
IPDDI,0.024129831014849848
HACD9m,0.0
PI3P5Kn_RT,0.0
AMETt2m,0.00018202220511040566
GALT,0.0
POLYAO3,6.31338278986671e-05
DUTCP,0.0
ALATA_Lm,-0.13581176874391182
C3STDH2er,0.012006250242669745
PSERDm_RT,0.0024761579253757804
ACOAHim,0.0
GDPMANNtg,0.0
RNDR3,0.0
SPRMt2i,0.0
EPGALURSe,0.0
HYPOE,0.0
PUNP3,0.0
CYTDK1,0.0
IGPDH,0.00512941853680493
SPMDtex2,0.0
HMPK1,0.0
FACOAL240p,0.0
ACOAO9p,0.0
GLUTRSm,0.0
VALTA,0.0
SO3ti,0.0
TRE6PS,0.0019163166566848594
GALUi,0.1374397195918727
DPMVD,0.07275353745477035
CBPS,0.020456426134959585
DTTUP,0.0
FACOAL100,0.0
GLUTCOADHm,0.0
ZYMSTESTH_RT,0.0
KYN3OX,0.0001379925095502839
URIK3,0.0
CYSTS,0.003342813199257333
MAOX,0.0
NMNATm,0.0
ALCD24yi,0.0
FDH,0.0
NICRNS,0.0
MTAP,0.05846003881850962
ASPTAm,0.0
CAT,0.0
SUCCtm,0.18332579566853313
ORPT,-0.008430251840108833
ATPATF3,0.0
CERS226er,0.0
URIK2,0.0
ICDHxm,0.8425140073955264
HPROa,0.0
ALLTNti,0.0
SLCBK1er,0.0
ACACT7m,0.0
PFK26,0.0
DUTPDP,0.0
FAS100COA,0.01774618109445309
ECOAH8p,0.0
DCYTD,0.0
OCOAT1m,0.0
G3PCt,0.0
GLNt7,0.0
ASPt2r,0.0
PGI,0.9742586014253078
GLYCLm,0.0
PIt2r,0.0
CHORS,0.015346521690414604
ANPRT,0.04926840941234534
GPDDA1,0.0
PTRCtex2,0.27506621692389904
ACGSm,0.0
ACS,0.4485231293961194
GLUSx,0.0
DDPA,0.015346521690414604
MAN6PI,-0.06624468577437198
HACD1p,0.0
ACHLE1,0.0
PAL,0.0
HEMEASm,5.665646114022068e-05
PTE8x,0.0
RNDR2n,0.0
PTE12x,0.0
ACONT3m,0.0
ANS,0.002049963591068093
ALLTTti,0.0
PDE3,0.0
POLYAO2,0.0
ARMT,0.0
GTPCII,0.00014274804463838524
PRPNCOAHYDm,0.02159810043821889
SUCD2_u9m,0.9517749678046358
GLUPRT,0.010004743914311096
THIORDXi,0.0
MALSp,0.015544614324449738
ALDD2y,0.0
HISTD,0.00512941853680493
ASNNe,0.0
PYDXS,0.00031099559638908395
RBFSb,0.00014274804463838524
KARA2im,0.013001386955924244
HMGCOAR,-0.07275353745477035
PTE11m,0.0
MI145PKn,0.0
FACOAL1831,0.0
AP4AH,0.0
RNDR2,0.00030853583686056503
L_LACt2r,0.0
GUAD,0.0
INDPYRD,0.0
4MOPDC,0.0
UDPACGLP,0.0025421614727243738
LNSTLSr,0.012006250242669745
PI45BP5Per_RT,0.0
LCYSTATm,0.0
RBFK,6.157598019725867e-05
ARGSL,0.01202617429485075
FACOAL140,0.0
ZYMSTATer_RT,0.00013938637328274263
ALDD2ym,0.07717829896454406
FUMm,0.9517749678046358
MIPCS126g_RT,0.0
CERS124er,0.0
UTPtm,0.0
PNP,-0.00011421483410756499
ECOAH5p,0.0
HGNTOR,0.0
ALCD23xi,0.0
G5SADm,0.0
ME1m,0.0
FBP26,0.0
MI3PP,0.00038536232613464136
PRPPS,0.07297081621312047
HSDy,0.0
NNATm,0.0
ECOAH11p,0.0
GLCt1,1.114
ECOAH7m,0.0
ASNTRS,0.008852674543139837
ADK4m,0.0
TRPt2r,0.0
PPM,-0.05857425365261718
ERGSTESTH_RT,0.0
THIORDXp,0.0
MTHFR3,0.009855600494901312
PEPDt3,0.0
PTE10m,0.0
ORNTA,0.0
PUNP6,0.0
SO4ti,0.008218712520656231
AGPRim,0.01288635220197384
ALDD2xm,0.0
HMR_6515,0.0
GLNS,0.06048507684635533
FA181COAabcp,0.0
PSERSm_RT,0.0
UPPDC1,5.665646114022068e-05
FTHFLmi,0.0
MCITL2m,0.0
PANTS,6.31338278986671e-05
FACOAL180,0.0
HMBS,5.665646114022068e-05
ACCOAC,0.14368381915501816
SQLEr,0.012006250242669745
HISt6,0.0
FUMAC,0.0
ACHBSm,0.013001386955924244
ATPPRT,0.00512941853680493
METAT,0.06373105751217295
MM3,0.0
FACOAE1829Z12Z,0.0
METSOXR2,0.0
FACOAE100,0.0
PYNP2r,0.0
CHOLSH,0.0
I4FE4STm,0.0
NO3t,0.0
UACMAMO,0.0
FACOAE140,0.0
SDPTA,0.0
F6PP,0.0
ORNCD,0.0
UDPDOLPT,0.0
GDPTPDP,0.0
ACOAR5m,0.0
XYLK,0.0
VNDH,0.0
AAMYLASE,0.0
APNn,0.0
UDPGDC,0.0
LIPOCTm,0.0
TGUAt,0.0
ADSHm,0.0
HACD3m,0.0
G12MT3,0.0
G6PP,0.0
NADHXD2,0.0
NA1tm,0.0
MANPGH,0.0
ULA4NFT,0.0
GLCNACT,0.0
LYSTRSm,0.0
ACPT1819Z1819Z,0.0
BTS,0.0
NARK,0.0
CYOO6m,2.282463048896467
2HESR,0.0
NTD6,0.0
3AMACHYD,0.0
ADNtm,0.0
MSAR,0.0
MALCOAMT,0.0
ACANTHAT,0.0
ALDD3y,0.0
GNP,0.0
MLTP2,0.0
SPMDtmr,0.0
CYANST,0.0
NTPP1,0.0
HPYRP,0.0
ACKrm,0.0
GGPTRCS,0.0
FACOAE180,0.0
BTP,0.0
INSH,0.0
BADP,0.0
DNAMTn2r,0.0
CHOLID,0.0
PYDXOR,-0.05790634694864
PPA2,0.0
UGLYCH,0.0
56DH5FLURAAMH,0.0
ASPTRSm,0.0
I2FE2SS2m,0.0
DKGLCNR1,0.0
34DHPHAMT,0.0
PGP1819Z160t,0.0
13BGHe,0.0
LCARSyi,0.0
TRE6PH,0.0
VNDH_3,0.0
ACACT1p,0.007916941022501785
3HCINNMH,0.0
IMPDm,0.0
I2FE2SSm,0.0
DHPS2,0.00031993272267602404
UPPDC2,0.0
DHCURR,0.0
FACOAE161,0.0
HEMELm,0.0
FORA,0.0
ACACT5m,0.0
URATEtm,0.0
NTD11,0.0
GLYCK,0.0
LKDRA,0.0
LIPAMPLm,0.00025474909517028314
GLCNACPT,0.0
THMPe,0.0
ACOAD5p,0.0
HACD4m,0.0
Cu1ATPase,0.0
ACOAD6p,0.0
FTHFD,0.0
FACOAE1836Z9Z12Z,0.0
GRXR,0.0
TDPDRR,0.0
MG3A,0.0
GOFUCR,0.0
GPDDA2,0.0
NTPP2,0.0
ACOXT,0.0
THRTRSm,0.0
PE1819Z1819Zt,0.0
PAIL1819Z160t,0.0
GDPDPK,0.0
PHDA,0.0
TM1601819Z,0.0
PNSPA,0.0
AMID_1,0.0
MOCOS,0.0
GDMANE,0.0
MDHp,-6.067406837013503e-05
ACOAR6m,0.0
APSR,0.008218712520656231
NTD1,0.0
6MPURPRT,0.0
NTD7,0.0
MN6PP,0.0
ETHAK,0.0
CMPA,0.0
NADHHS,0.0
MTHFCx,0.0
ACOAD7p,0.0
BDMT,0.0
5DGLCNR,0.0
ACOAD2m,0.0
MM1,0.0
ACOAD3p,0.0
MUCCY_kt,0.0
FACOAE80,0.0
SDPDS,0.0
FACOAE181,0.0
ICYSDSm,0.0001982566179986304
GLCATr,0.0
I2FE2SRm,0.0001982566179986304
ACKr,-0.4403044168754631
ECOAH2m,0.0
MAGAH160,0.0
PG1819Z160t,0.0
5AOPt2,0.0
6TINS5MPOR,0.0
BDHm,0.0
ACOAD1p,0.0
CYNTAH,0.0
ACOAR4m,0.0
A5PISO,0.0
COALDDH,0.0
5FLURAt,0.0
GLUN,0.0
GLYCLTDxm,0.0
GPDDA3,0.0
R5PP,0.0
AMPTASEPG,0.0
HACD3p,0.0
AATHA,0.0
BWCOS,0.0
OAADC,0.0
NTRIR2x,0.0
DOLPMT,0.0
ACPT1601819Z,0.0
FOLR2_1,0.0
CYTDH,0.0
SPMDAT1,0.05807164278895646
GLYAT,0.0
SULO,0.0
DHFR,0.0005267984990244709
H2CO3D,0.0
SO4t2,0.0
ORNTAC,0.0
PRAIi,0.04926840941234534
LIPATPTm,0.00025474909517028314
G3PD_u9cm,0.0
UDPGALOR,0.0
G1PP,0.0
DSERDHr,0.0
FCLPA,0.0
HPYRRx,0.0
FT,0.0
CBPSm,0.0
HXAND,0.0
ACOAR7m,0.0
ACPCS,0.0
MG3B,0.0
ACGS,0.0
ACACT3m,0.0
ANHMK,0.0
A1E,0.0
NADHXE,0.0
FORAMDx,0.0
MM2,0.0
MG1B,0.0
TM1819Z1819Z,0.0
CURR,0.0
MALTATr,0.0
E4PP,0.0
GUDBUTNAH,0.0
URATEt_1,0.0
MAGAH180,0.0
6MPURt,0.0
CHLSTI_1er,0.0
RU5PP,0.0
ARHGDx,0.0
MI13456PKn,0.0
PItn,0.0
NITR,0.0
OXOAEL,0.0
5DKGR,0.0
FACOAE60,0.0
ACOAD4p,0.0
NAMNPP,0.0
GPDDA4,0.0
ECOAH2p,0.0
TRPS2,0.0
MLTP1,0.0
URO,0.0
SERDC,0.0
FE2GTPabc,0.0
DOLASNT,0.0
10FTHFGLULLm,0.0
FE3t,0.0005058085510477878
NTD10,0.0
UA4E,0.0
4HBHYOXp,0.0
SULOm,0.0
MAGAH1819Z,0.0
HACD6m,0.0
PE1801829Z12Zt,0.0
LIPOSm,0.0
NADPHXD2,0.0
G12MT4,0.0
H2Otp,0.015346029738513985
DHORD_u9m,0.0
6TXAN5MPAML,0.0
ARSO4SH,0.0
AGPR,0.0
GMPS,0.004959777121321391
G16MT,0.0
NTD12,0.0
HACD2p,0.0
BUPN,0.0
TGUAPRT,0.0
FACOAE120,0.0
FACOAE160,0.0
AFLBURPPAAMH,0.0
ACDO,0.05846003881850962
I4FE4SRm,0.0
ACOAR2m,0.0
HCYSMT2,0.0
F1PP,0.0
CHOLD,0.0
SPODM,0.0
NH4tp,0.0
PE1819Z1829Z12Zt,0.0
ACPS1,0.0
ECOAH3m,0.0
GLYTLm,0.0
PMI12346PSn,0.0
MG1A,0.0
BMOCOS,0.0
SERASr,0.0
SPMDAT2,0.0
NTD3,0.0
PE1801819Zt,0.0
NTD9,0.0
TEGAt,0.0
NTPP7,0.0
GAPP,0.00014758557171113925
ACACT3p,0.0
G12MT2,0.0
NTD8,0.0
ACOAD2p,0.0
OCTNLLm,0.0
MG2B,0.0
ACACT2m,0.0
NADPHXE,0.0
G2PP,0.0
ALCD19,0.00014758557171113925
HACD7m,0.0
CATDOX,0.0
BTS5m,0.0001982566179986304
HCO3Em,0.0
BTS_nadph,0.0
ECOAH3p,0.0
NADHHR,0.0
G12MT1,0.0
PPGPPDP,0.0
I2FE2STm,0.0001982566179986304
ACOAR3m,0.0
NADPHHS,0.0
APPTm,0.0
ASNS2,0.008852674543139837
FPGFTm,0.0
G13MT,0.0
2DDARAA,0.0
E4PD,0.0
NTPP8,0.0
FTHFDH,0.0
3HPPPNH,0.0
XAND,0.0
MG2A,0.0
AHGDxm,0.0
MTHFR2m,0.0
GPDDA5,0.0
ACACT2p,0.0
NTD5,0.0
MTHFR3m,0.0
HADPCOADH3,0.0
NADPHHR,0.0
UPLA4FNT,0.0
UDPGLDC,0.0
XTSNH,0.0
VNDH_2,0.0
GCPNn,0.0
HACD2m,0.0
MPTSS,0.0
FACOAE141,0.0
HACD5m,0.0
WCOS,0.0
ALAR,0.0
CLPNDCRNt,0.0
UDPGP,0.0
HSD17B42x,0.0
CSNAT2m,-0.00034994178892396797
GALt1r,0.0
MM8Ber,0.0
HMGLm,0.007916941022501785
BACCLm,0.0
FADDP,0.0
MANt1r,0.0
NBAHH_ir,0.0
GDPFUCtg,0.0
3HXKYNDCL,0.0
HMGCOARr,0.0
AGTim,0.13601002536191045
MELATN23DOX,0.0
ACOAD1m,0.0
CLPNDCPT1,0.0
ESTRONEGLCt,0.0
SPRMS,6.31338278986671e-05
DOLPGT3_Uer,0.0
FPGS,0.0
MIP2CS326g_RT,0.0
VLCS2p,0.0
KATPase,0.0
MIP2CS324g_RT,0.0
CRNtim,0.0
SRTN23OX,0.0
UDPGALtg,0.0
HPDCACRNCPT1,0.0
NMPTRCOX,0.0
C181CPT2,0.0
FPGS2,0.0
AMACR2p,0.0
UMPK4,-0.08107031238862744
DOLPGT1_Ler,0.0
5HLTDL,0.0
AGMTm,0.0
XANDp,0.0
AACTOOR,0.0
AMACRr,0.0
UMPK7n,0.0
CHOLD2m,0.0
ARABR,0.0
HIBDm,0.0021769512606287533
FAOXC2452253x,0.0
Kt3g,0.0
LNLNCGCRNt,0.0
TTDCPT2,0.0
LNLNCGCPT2,0.0
MIP2CS224g_RT,0.0
FACOAL244_1,0.0
CYTK8n,0.0
P5CRx,0.019341663116634787
MLTG1,0.0
3SALATAi,0.0
DPGase,0.0
2OXOADOXm,0.0
DCSPTN1CPT1,0.0
UREAtm,0.0
CLOXAtex2,0.0
GFUCS,0.0
FPGS8m,0.0
ESTRADIOLGLCt2,0.0
DCSPTN1CPT2,0.0
ESTRIOLGLCte,0.0
GTMLTe,0.0
ACHEe,0.0
SCPx,0.0
HEXCCPT1,0.0
UDPDOLPT_L,0.0
GCHOLAt3,0.0
NRVNCCRNt,0.0
CYTK10,0.0
FACOAL2252,0.0
EHGLAT2m,0.0
TETTET6CPT2,0.0
HPDCACRNCPT2,0.0
NMNATn,0.0
ENGASE,0.0
CYTK12n,0.0
FAOXC2452256x,0.0
MG1er,0.0
CPK1,0.0
SCP22x,0.0
LCADi_D,0.0
ACOX2x,0.0
DCSPTN1CRNt,0.0
C161CPT2,0.0
Na1ATPase,0.0
SPMS,0.058396904990610954
XYLt,0.0
A_MANASE,0.0
MALTt1r,0.0
PTHPS,0.0
C160CPT2,0.0
DOLPGT2_Ler,0.0
FPGS4m,0.0
THBPT4ACAMDASE,0.0
ALR3,0.0
FPGS9,0.0
CYTK10n,0.0
TYRCBOX,0.0
SO4OXAtex2,0.0
UMPK5n,0.0
VLCSr,0.0
DUTPDPm,0.0
PHYCBOXL,0.0
C14STRr,0.012006250242669745
FRUt1r,0.0
SACCD3m,0.0
ACP1_FMN,0.0
TSTSTERONEGLCte,0.0
UDPGLCtg,0.0
EHGLATm,0.0
DESAT1836Z9Z12Zer,0.001752414680101211
TETTET6CRNt,0.0
PTRCOX1,0.0
FACOAL260,0.0
FACOAL150,0.0
CLOHtex2,0.0
CLHCOtex,0.0
ETHP,0.0
SALMCOM2,0.0
CYTK5n,0.0
MI145PPn,0.0
MIP2CS126g_RT,0.0
FACOAL240,0.0
UMPK5,0.0
BILGLCURte,0.0
FACOAL191,0.0
SO4CLtex2,0.0
DOLPMT1_Ler,0.0
SCP3x,0.0
UMPK3,0.0
MAN1_6B1er,0.0
SERLYSNaex,0.0
CHLP,0.0
TTDCRNt,0.0
MMSAD1m,0.0021769512606287533
AKGDm,0.7689024238252244
CYTK13n,0.0
PTDCACRNt,0.0
UMPK4n,0.0
SR5ARr,0.0
FACOAL200,0.0
NRVNCCPT2,0.0
ABTArm,0.0
FACOAL241,0.0
ADPMAN,0.0
NRVNCCPT1,0.0
UMPK6n,0.0
FPGS6m,0.0
ASNtN1,0.0
LCYSTAT,0.0
CHOLATEt3,0.0
AATA,0.01413000661959304
LNLNCGCPT1,0.0
DABT2D,0.0
GAMt1r,0.0
CPCTDTX,0.0
C161CPT12,0.0
FPGS6,0.0
C161CRN2t,0.0
H2O2syn,0.0
13DAMPPOX,0.0
CAMPt,0.0
KYNAKGAT,0.0
CYTK7,0.0
XAOx,0.0
PAPStg,0.0
GLYATm,0.0
AMY2e,0.0
NDP7g,0.0
FACOAL206,0.0
BAMPPALDOX,6.31338278986671e-05
SQLSr,0.012006250242669745
PROSTGE2t3,0.0
HSD17B4x,0.0
CYTK14,0.0
PRODt2r,0.0
3AIBTm,0.0
APAT2rm,0.0
GCALDD,0.00031993272267602404
DHPM1,0.0
UGALNACtg,0.0
P45017A1r,0.0
NADH2_u9m2,3.613151129988298
PTHPSn,0.0
ELAIDCRNt,0.0
GLXO2p,0.0
UAG4Ei,0.0
FACOAL40im,0.0
LTC4Sr,0.0
PTDCACRNCPT1,0.0
SERCA,0.0
XAO2x,0.0
CYTK11n,0.0
HEXCCRNt,0.0
UMPK6,0.0
DADAe,0.0
AMACR2r,0.0
LTA4H,0.0
G13MT_L,0.0
CYTK2n,0.0
GLCNACPT_L,0.0
C161CPT22,0.0
FAOXC241181x,0.0
FPGS2m,0.0
DESAT1619Zer,2.7057354813708866e-06
CGMPt,0.0
CLFORtex2,0.0
DOLPGT3_Ler,0.0
FPGS7,0.0
UMPK3n,0.0
C161CPT1,0.0
ADPGLC,0.0
CSNATer,0.0
C181CPT1,0.0
FPGS8,0.0
FACOAL1813,0.0
GLCtg,0.0
C3STDH1r,0.012006250242669745
CYTK12,0.0
M14NTg,0.0
FPGS5,0.0
SERHL,0.0
CAT2p,0.0
HISTASE,0.0
DOLPGT2_Uer,0.0
VLCSp,0.0
TETTET6CPT1,0.0
HEXCCPT2,0.0
SELADT,0.0
LTDCL,0.0
P45017A3r,0.0
CYTK14n,0.0
FPGS9m,0.0
SPODMm,0.0
FAOXC2442246x,0.0
HISDC,0.0
FAOXC200180x,0.0
HMGLx,0.0
DOLPMT3_Uer,0.0
ACOX22x,0.0
FPGS7m,0.0
NAt3_1g,0.0
DALAt2r,0.0
BDMT_U,0.0
ALAtN1,0.0
CYTK13,0.0
FPGS3,0.0
HPDCACRNt,0.0
UMPK7,0.0
CYTK6n,0.0
34DHPLACOX_NADP,0.0
UDPGLDCg,0.0
LALDO2,0.0
5ADTSTSTERONEGLCte,0.0
AACOATx,0.007916941022501785
SCP21x,0.0
3SALAASPm,0.0
PTRCAT1,0.0
MIP2CS124g_RT,0.0
C160CRNt,0.0
ENGASE2,0.0
34DHALDD,0.0
DESAT1819Zer,0.0139931619978231
BDMT_L,0.0
MAN1_7Ber,0.0
C181CRNt,0.0
VLCS2r,0.0
BILDGLCURte,0.0
CSNAT2x,0.0
FACOAL2251,0.0
GLCNACPT_U,0.0
CGLYt3_2,0.0
UMPK2,0.08950056422873628
ACRNtm,0.00034994178892396797
CYTK3n,0.0
CHTNASEe,0.0
ALDD21er,0.0
CHTNASE,0.0
ELAIDCPT1,0.0
OIVD1m,0.0
DOLPMT1_Uer,0.0
OXAHCOtex,0.0
CYTK9n,0.0
MACOXO,0.0
CYTK2_1,0.0006598714895173604
CYTK1n,0.0
C3STDH1Pr,0.0
CLPNDCPT2,0.0
C161CRNt,0.0
BTNPLm,0.0
UDPDOLPT_U,0.0
PROD_u9m,0.0
LNS14DMr,0.012006250242669745
5HTRPDOX,0.0
GTPCIn,0.0
GLNtN1,-0.02075754169722348
SCP2x,0.0
TTDCPT1,0.0
CYTK11,-0.00030853583686056503
BTNPL,0.0
SO4HCOtex,0.0
FPGS4,0.0
5HXKYNDCL,0.0
G13MT_U,0.0
LSTO1r,0.0
FACOAL170,0.0
P45017A4r,0.0
ADSELK,0.0
3SALATAim,0.0
FPGSm,0.0
PTDCACRNCPT2,0.0
CSNAT3x,0.0
NDP8,0.0
FPGS3m,0.0
AHANDROSTANGLCte,0.0
GLYKm,0.00014758557171113925
CYTK4n,0.0
HACD1m,0.0
UMPK2n,0.0
DUTPDPn,0.0
CATm,0.0
ADAe,0.0
ATPtm,14.418923930276753
ACCOAtr,0.0
MI1345PPn,0.0
C4STMO1r,0.012006250242669745
DASPO1p,0.0
HIStN1,0.0
MHISOR,0.0
ALDD19x_P,0.0
CYTK8,0.003672011016157429
AMACRp,0.0
SBTR,0.0
TCHOLAt3,0.0
MCCCrm,0.0
ELAIDCPT2,0.0
PCLAD,0.0
LCADi,0.0
DOLPMT3_Ler,0.0
CYSTSERex,0.0
CYTK7n,0.0
3HLYTCL,0.0
ACCOAgt,0.0
LFORKYNHYD,0.0
GALOR,0.0
ANDRSTRNGLCte,0.0
SR5AR2r,0.0
FPGS5m,0.0
OIVD2m,0.0021769512606287533
SALMCOM,0.0
TRYPTAOX,0.0
2OXOADPTm,-0.01413000661959304
4HOXPACDOX_NADP,0.0
C160CPT1,0.0
MIP2CS226g_RT,0.0
CYTK9,-0.0003513356526567954
PROSTGE1t3,0.0
3HKYNAKGAT,0.0
AMY1e,0.0
DOLPGT1_Uer,0.0
CLHCO3tex2,0.0
DHAAt1r,0.0
P45017A2r,0.0
ARHGDxm,0.0
S3HBTRHDm,0.0
GHBTRHDm,0.0
FALGTHLs,0.0
3HBCOAHLm,0.0021769512606287533
L_LACDcm,0.0
GLYCLTDyp,0.0
GLYOp,0.0
TYROXDAc,0.0
SUCCtp,-0.15112049212957668
ICITtp,0.15112049212957668
CCP2_m,0.0
FRDPtm,5.665646114022068e-05
IPDPtm,0.00042471847859094523
GRDPtm,6.067406837013503e-05
NPDPS_m,6.067406837013503e-05
HBZNPT_m,6.067406837013503e-05
3NPHBH2_m,6.067406837013503e-05
DHNPBMT_m,6.067406837013503e-05
NPHMBDC_m,6.067406837013503e-05
COQ6_m,6.067406837013503e-05
COQ5_m,6.067406837013503e-05
COQ7_m,6.067406837013503e-05
COQ3_m,6.067406837013503e-05
ETFQO_m,0.0
G5SADs,0.019341663116634787
G5SADrm,0.0
PHCHGSm,0.0
PItx,0.0
PIt9,0.0218274960961371
PMCA,0.0
MI3PS,0.00038536232613464136
ACRS,0.05846003881850962
2OH3K5MPPISO,0.05846003881850962
AOXSp,0.0
DBTSm,0.0001982566179986304
FTHFCLm,0.0
HTMLA_m,0.0
TMLOX_m,0.0
TMABDH1_m,0.0
GBBOX_m,0.0
OBDHm,0.019771090966514106
GRXRm,0.0
DHAOX_c,0.0
NDPK10m,0.0
NDPK1m,0.07743304805971435
NDPK2m,0.0
NDPK3m,0.0
NDPK4m,0.0
NDPK5m,0.0
NDPK6m,0.0
NDPK7m,0.0
NDPK8m,0.0
NDPK9m,0.0
DNTPPA,0.00031993272267602404
3SALACBOXL,0.0
ACOAD3m,0.0
ACOAD4m,0.0
ACOAD5m,0.0
ACOAD6m,0.0
ACOAD7m,0.0
ACOAD8p,0.0
FAOXC5C3m,0.0
FAOXC7C5m,0.0
FAOXC9C7m,0.0
FAOXC11C9m,0.0
FAOXC13C11m,0.0
FAOXC15C13m,0.0
FAOXC170150m,0.0
FAO183p_even,0.0
FAO183p_odd,0.0
4CMCOAS,0.0
COUCOALp,6.067406837013503e-05
DESAT1829Z12Zer,0.00826421807193381
CERS118er,0.0
CERS2p18er,0.0
CERD418er,0.0
CERD518er,0.0
CERMT618er,0.0
CER618trg,0.0
CERGT18g,0.0
CER124trg,0.0
CER126trg,0.0
CER224trg,0.0
CER226trg,0.0
CER324trg,0.0
CER326trg,0.0
C3STKR1er,0.012006250242669745
C3STKR2er,0.012006250242669745
FRDPtcr,0.02401250048533949
FAS240COAer,0.0003526475244053389
FAS260COAer,0.0
PLBPEe_RT,0.0
TAGtrd,0.0
EPISTESTtrd,0.0
ERGSTESTtrd,0.0
FECOSTESTtrd,0.0
LANOSTESTtrd,0.0
ZYMSTESTtrd,1.3938637328274263e-06
DAGL_RT,0.0
MAGL_RT,0.0
PI45BP5Pn_RT,0.0
GLYCtm,0.00014758557171113925
PGPPAm_RT,0.00014758557171113925
PAterm_RT,2.951711434222785e-06
CDPDAGterm_RT,0.0
PSterm_RT,2.4761579253757806e-05
PEterm_RT,-2.4761579253757806e-05
PIN3Per_RT,0.0
PIN4Per_RT,0.0
PIN3Pn_RT,0.0
PSERDer_RT,0.0
PMDPHT,0.00014274804463838524
SBP,0.0
G6PDH2rp,0.0
PGLp,0.0
GNDp,0.0
OAADCm,0.0
HACONTam,0.01413000661959304
UREAt,0.0
EX_co2_e,2.8421626764345373
EX_h_e,0.1855281823583802
EX_h2o_e,4.698405282090196
EX_nh4_e,-0.5411712019175382
EX_o2_e,-2.534821954736891
EX_pi_e,-0.0218274960961371
EX_so4_e,-0.008218712520656231
EX_glc__D_e,-1.114
H2Oter,-0.20397236121504994
H2Otg,0.0
H2Otn,0.0
H2Otv,0.0
CO2t,-2.8421626764345373
CO2ter,-0.025573873842059062
CO2tg,0.0
CO2tm,-2.688844934860413
CO2tn,0.0
CO2tp,0.0
CO2tv,0.0
O2t,2.534821954736891
O2ter,0.14532685652808452
O2tm,2.2828433687155676
O2tn,0.0
O2tp,0.00015996636133801202
ATPM,1.22
BIOMASS_RT,0.08199198428396626
C30CPT1,-0.00034994178892396797
PCRNtm,-0.00034994178892396797
PCRNtc,0.0
ACRNtp,0.00034994178892396797
DCACOAtr,0.0
DDCACOAtr,0.0
HDCOAtr,0.0
HEXCCOAtr,0.0
HMGCOAtr,0.0
LNLNCGCOAtr,0.0
MALCOAtr,0.0012329134676780007
OCDYCACOAtr,0.0
ODECOAtr,0.0
PMTCOAtr,0.001968135590752325
STCOAtr,0.015778045503700766
TDCOAtr,0.0
TTCCOAtr,0.0
FA183COAabcp,0.0
FACOAL180p,0.0
FACOAL181p,0.0
FACOAL182p,0.0
FACOAL1831p,0.0
GLYC3Pter,0.0069775178625655285
DHAPter,0.0
EX_13BDglcn_e,0.0
EX_35cgmp_e,0.0
EX_4abut_e,0.0
EX_5adtststeroneglc_e,0.0
EX_5aop_e,0.0
EX_5flura_e,0.0
EX_6mpur_e,0.0
EX_ac_e,0.0
EX_acgam_e,0.0
EX_ach_e,0.0
EX_ade_e,0.0
EX_adn_e,0.0
EX_ahandrostanglc_e,0.0
EX_ala_B_e,0.0
EX_ala__D_e,0.0
EX_ala__L_e,0.0
EX_alltn_e,0.0
EX_alltt_e,0.0
EX_amet_e,0.0
EX_andrstrnglc_e,0.0
EX_arach_e,0.0
EX_arg__L_e,0.0
EX_asn__L_e,0.0
EX_asp__L_e,0.0
EX_bildglcur_e,0.0
EX_bilglcur_e,0.0
EX_ca2_e,-6.821733092425992e-05
EX_camp_e,0.0
EX_cgly_e,0.0
EX_chol_e,0.0
EX_cholate_e,0.0
EX_chtn_e,0.0
EX_cl_e,0.0
EX_csn_e,0.0
EX_cu_e,0.0
EX_cys__L_e,0.0
EX_cysi__L_e,0.0
EX_cytd_e,0.0
EX_dad_2_e,0.0
EX_dca_e,0.0
EX_ddca_e,0.0
EX_dhdascb_e,0.0
EX_din_e,0.0
EX_epist_e,0.0
EX_ergst_e,0.0
EX_estradiolglc_e,0.0
EX_estriolglc_e,0.0
EX_estroneglc_e,0.0
EX_fe2_e,0.00035125366067251143
EX_fe3_e,-0.0005058085510477878
EX_fecost_e,0.0
EX_fmn_e,0.0
EX_for_e,0.0
EX_fru_e,0.0
EX_g3pc_e,0.0
EX_g3pe_e,0.0
EX_g3pi_e,0.0
EX_gal_e,0.0
EX_galur_e,0.0
EX_gam_e,0.0
EX_gchola_e,0.0
EX_gln__L_e,0.0
EX_glu__L_e,0.0
EX_gluala_e,0.0
EX_gly_e,0.0
EX_glyc_e,0.0
EX_glygn2_e,0.0
EX_glygn4_e,0.0
EX_gthrd_e,0.0
EX_gua_e,0.0
EX_hco3_e,0.0
EX_hdca_e,0.0
EX_hdcea_e,0.0
EX_his__L_e,0.0
EX_ile__L_e,0.0
EX_inost_e,0.0
EX_ins_e,0.0
EX_k_e,-0.04802295117107189
EX_lac__D_e,0.0
EX_lac__L_e,0.0
EX_lanost_e,0.0
EX_leu__L_e,0.0
EX_lys__L_e,0.0
EX_malt_e,0.0
EX_man_e,0.0
EX_met__L_e,0.0
EX_na1_e,-0.0021399087978272377
EX_nac_e,0.0
EX_no2_e,0.0
EX_no3_e,0.0
EX_nrvnc_e,0.0
EX_ocdca_e,0.0
EX_ocdcea_e,0.0
EX_ocdcya_e,0.0
EX_oh1_e,0.0
EX_orn_e,0.0
EX_oxa_e,0.0
EX_pail1819Z160_e,0.0
EX_pc_RT_e,0.0
EX_pe1801819Z_e,0.0
EX_pe1801829Z12Z_e,0.0
EX_pe1819Z1819Z_e,0.0
EX_pe1819Z1829Z12Z_e,0.0
EX_pe_RT_e,0.0
EX_pectin_e,0.0
EX_pepd_e,0.0
EX_pg1819Z160_e,0.0
EX_pgp1819Z160_e,0.0
EX_phe__L_e,0.0
EX_pnto__R_e,0.0
EX_pro__D_e,0.0
EX_pro__L_e,0.0
EX_prostge1_e,0.0
EX_prostge2_e,0.0
EX_ptd1ino_RT_e,0.0
EX_ptrc_e,0.0
EX_pyr_e,0.0
EX_ribflv_e,0.0
EX_ser__L_e,0.0
EX_so3_e,0.0
EX_spmd_e,0.0
EX_sprm_e,0.0
EX_strch1_e,0.0
EX_strch2_e,0.0
EX_sucr_e,0.0
EX_tchola_e,0.0
EX_tega_e,0.0
EX_tgua_e,0.0
EX_thm_e,0.0
EX_thmmp_e,0.0
EX_thmpp_e,0.0
EX_thr__L_e,0.0
EX_trp__L_e,0.0
EX_tststeroneglc_e,0.0
EX_ttc_e,0.0
EX_ttdca_e,0.0
EX_tyr__L_e,0.0
EX_ura_e,0.0
EX_urate_e,0.0
EX_urea_e,0.0
EX_uri_e,0.0
EX_val__L_e,0.0
EX_xyl__D_e,0.0
EX_zymst_e,0.011064408319199824
DOLPter,0.06624468577437198
KYNATESYN,0.0
r0647,0.0
3SPYRSP,0.0
3SPYRSPm,0.0
3SALAOX,0.0
DM_aacald_c,0.0
DDPGAm,0.0
34HPPOR,0.0
MACACI,0.0
34HPPYRDC,0.0
IND3ETHt,0.0
EX_ind3eth_e,0.0
AM6SAD,0.0
AMCOXO,0.0
QUILSYN,0.0001379925095502839
PYRt2m,1.0656412181588362
LEUt5m,0.18414604347930993
VALt5m,-0.02256157033145043
ILEtmi,0.0
3MOPtm,-0.013001386955924244
3MOBtm,-6.31338278986671e-05
4MOPtm,-0.18414604347930993
2AMACHYD,0.00011421483410756499
THRtm,0.0
2OBUTtm,0.03277247792243835
2OBUTt,0.0
EX_2obut_e,0.0
NH4tm,0.0
ACALDtm,-0.07717829896454406
HCITSm,0.01413000661959304
AASAD3m,0.0
Htr,0.0912132947884468
PIter,0.0035420537210673424
PPItr,-0.027038004705417843
COAtr,-0.01932903635105506
NADPHtru,0.17259534070132462
NADPtru,0.17259534070132462
INOSTter,0.00038536232613464136
CDPCHOLter,0.0
FORtr,-0.012006250242669745
AMETr,0.004692483252555673
AHCYStr,-0.004692483252555672
ATPter,0.0
ADPter,0.0
AMPter,0.0
CTPter,0.0030255042200783545
CDPter,0.0
CMPter,-0.003025504220078354
SERter,0.0029686017829852816
AKGMALtm,0.06072523136832811
AKGCITtm,0.0
ASPGLUm,0.0
UCP2ASPtm,0.0
UCP2MALtm,0.19624043510508485
UCP2OAAtm,0.0
OAAIPMtm,0.026254243327647416
ORNARGtm,0.0
ORNLYStm,0.0
ARGt7m,0.0
LYSt7m,0.0
FE2tm,0.0
CTPtm2,5.665646114022068e-05
UTPtm2,0.0
GLYtm,-0.13555677367278868
PYDX5Ptm,0.0
5AOPtm,-0.00045325168912176546
PPPG9tm,5.665646114022068e-05
FCLTm,5.665646114022068e-05
NMNHYD,0.0
PSURIK,0.0
PSURIP,0.0
NADDP,0.0
DHNPA2r,0.00031993272267602404
HPPK2,0.00031993272267602404
DHFRim,0.0
FAAH,0.0
ALDD16er,0.0
ALDD3C161er,0.0
4HBALDDm,0.0
EX_glyclt_e,0.0
GLYCLTt,0.0
GLYCLTtm,0.0
GLYCLTtp,0.00031993272267602404
EX_glx_e,0.0
GLXt,0.0
GLXtm,0.13601002536191045
GLXtp,-0.1358958105278029
TDP,0.0
TMN,0.0
THZPSN4,0.00011421483410756499
HMPPS,0.00011421483410756499
DM_4oglu_c,0.00011421483410756499
THMP,0.00011421483410756499
QUINDH,0.0
DHSKDH,0.0
TAL,6.067406837013503e-05
CCOAOMT,0.0
EX_4abz_e,0.0
4ABZt,0.0
4ABZtm,0.0
ABZNPT_m,0.0
3NPABH_m,0.0
3NPAHBDH_m,0.0
SERTRSm,0.0
SRC_8aonn_m,0.0001982566179986304
DM_amob_m,0.0001982566179986304
DM_dad_5_m,0.0001982566179986304
METtm,-0.0001982566179986304
CYStm,0.0001982566179986304
SRC_lipoate_m,0.00025474909517028314
FAS170COA_L,0.00034994178892396797
HPDCACOAtr,0.00034994178892396797
FAS200COAer,0.0005276184188673229
FAS220COAer,0.0003526475244053389
FAOXC24C22x,0.0
FAOXC22C20x,0.0
FA200tp,0.0
FACOAL200p,0.0
FA220tp,0.0
FACOAL220p,0.0
SK_triglyc_RT_d,0.0
HDCAt,0.0
HDCEAt,0.0
OCDCAt,0.0
OCDCEAt,0.0
OCDCYAt,0.0
LNLNCGt,0.0
HPDCAt,0.0
ARACHt,0.0
DOCOSACt,0.0
TTCt,0.0
EPISTtr,0.0
ERGSTtr,0.0
FECOSTtr,0.0
LANOSTtr,0.0
ZYMSTtr,-0.011064408319199824
SK_epistest_RT_d,0.0
SK_ergstest_RT_d,0.0
SK_fecostest_RT_d,0.0
SK_lanostest_RT_d,0.0
SK_zymstest_RT_d,0.0
SRC_trnaala_c,0.04735643833082753
SRC_trnacys_c,0.0028097833094272396
SRC_trnaasp_c,0.016176690531289405
SRC_trnaglu_c,0.01710951333648809
SRC_trnaphe_c,0.007802685192399365
SRC_trnagly_c,0.042079926174217165
SRC_trnahis_c,0.005015203702697364
SRC_trnaile_c,0.013001386955924244
SRC_trnalys_c,0.01413000661959304
SRC_trnaleu_c,0.026254243327647416
SRC_trnamet_c,0.004677642703400275
SRC_trnaasn_c,0.008852674543139837
SRC_trnapro_c,0.019341663116634787
SRC_trnagln_c,0.009666690963111055
SRC_trnaarg_c,0.01202617429485075
SRC_trnaser_c,0.027620639745739712
SRC_trnathr_c,0.017884911531861558
SRC_trnaval_c,0.02256157033145043
SRC_trnatrp_c,0.0019119710815178092
SRC_trnatyr_c,0.005113266115900988
EX_mg2_e,-0.005060217302069262
MG2t,0.005060217302069262
EX_mn2_e,-4.976913446036752e-05
MNt,4.976913446036752e-05
CU2t,4.304579174908228e-05
EX_cu2_e,-4.304579174908228e-05
Zn2t,4.1815911984822796e-05
EX_zn2_e,-4.1815911984822796e-05
Kt2r,0.04802295117107189
CA2t,6.821733092425992e-05
PACCOAL,0.0
PACCOALp,0.0
3HPDm,0.02159810043821889
COUCOAHp,6.067406837013503e-05
4HBZACCOARp,6.067406837013503e-05
4HBZACCOATp,6.067406837013503e-05
4HBZCOAEp,6.067406837013503e-05
4HBZtp,-6.067406837013503e-05
4HBZtm,6.067406837013503e-05
T4HCINNMtp,6.067406837013503e-05
EX_T4hcinnm_e,0.0
T4HCINNMt,0.0
34DHBZtp,0.0
PCADYOX,0.0
4CMLCL_kt,0.0
3OADPCOATm,0.0
3OXCOATm,0.0
3OXOADPTm,0.0
PPItx,-0.00797761509087192
Htx,-0.03156051857456371
COAtp,0.0
CRNtp,0.00034994178892396797
AKGtp,0.0
MAL_Ltx,0.015605288392819872
OAAtp,-6.067406837013503e-05
EX_fer_e,0.0
FERt,0.0
FERULCOAS,0.0
CAFFCOAE,0.0
34DHCINMtp,0.0
CAFFCOALp,0.0
CAFFCOAHp,0.0
34DHBZACCOARp,0.0
34DHBZACCOATp,0.0
34DHBZCOAEp,0.0
EX_bz_e,0.0
BZt,0.0
BZ4OX,0.0
RBK_Dr,0.0
EX_arab__L_e,0.0
ARAB_Lt,0.0
XYLR,0.0
ABTD,0.0
XYLUR,0.0
ARAB1D,0.0
DABT4D,0.0
EX_lyx__L_e,0.0
LYXt,0.0
LYXR,0.0
EX_abt_e,0.0
ABTt,0.0
EX_xylt_e,0.0
XYLTt,0.0
EX_xylu__D_e,0.0
XYLUDte,0.0
EX_abt__D_e,0.0
ABT_Dt,0.0
EX_rbl__D_e,0.0
RBL_Dt,0.0
FPK,0.4403044168754631
XPK,0.0
GGDPter,0.0
PSYer,0.0
PDSer,0.0
LYCOPCer,0.0
GCAROCer,0.0
BCAROtrd,0.0
DM_bcaro_d,0.0
DM_3aap_c,0.05807164278895646
DIAT,0.0
EX_succ_e,0.0
EX_tre_e,0.0
TREHe,0.0
TREt2,0.0
EX_galt_e,0.0
GALTt,0.0
EX_ser__D_e,0.0
SER_Dt,0.0
EX_sbt__D_e,0.0
SBT_Dt,0.0
EX_glcn_e,0.0
GLCNte,0.0
EX_glyc3p_e,0.0
EX_g6p_e,0.0
EX_h2o2_e,0.0
H2O2t,0.0
GXLOe,0.0
MTHGXLe,0.0
EX_rib__D_e,0.0
RIBt,0.0
EX_thymd_e,0.0
THYMDt1,0.0
EX_asp__D_e,0.0
ASPDTDe,0.0
EX_12ppd__S_e,0.0
12PPDSt,0.0
EX_12ppd__R_e,0.0
12PPDRte,0.0
EX_akg_e,0.0
EX_g1p_e,0.0
EX_f6p_e,0.0
EX_malttr_e,0.0
MLTG1e,0.0
MALTe,0.0
EX_melib_e,0.0
MELIBt2,0.0
GALS3,0.0
MLTG4,0.0
MLTG3,0.0
MLTG2,0.0
EX_cit_e,0.0
EX_fum_e,0.0
EX_ppa_e,0.0
PPAtr,0.0
EX_cellb_e,0.0
BG_CELLB,0.0
EX_acac_e,0.0
ACACt2,0.0
ACACt2m,-0.007916941022501785
ACACtx,0.007916941022501785
EX_mal__L_e,0.0
EX_tym_e,0.0
TYMte,0.0
EX_peamn_e,0.0
EX_etha_e,0.0
ETHAt,0.0
EX_glycogen_e,0.0
EX_mannan_e,0.0
EX_arab__D_e,0.0
ARAB_Dt,0.0
DARABR,0.0
EX_drib_e,0.0
DRIBt,0.0
EX_srb__L_e,0.0
SRB_Lt,0.0
EX_but_e,0.0
BUTt,0.0
EX_hxa_e,0.0
HXAt3,0.0
FACOAL40,0.0
FACOAL60,0.0
C40CPT1,0.0
C60CPT1,0.0
C40CRNt,0.0
C60CRNt,0.0
C40CPT2,0.0
C60CPT2,0.0
EX_4hbz_e,0.0
4HBZte,0.0
EX_bhb_e,0.0
BHBt,0.0
BHBtm,0.0
EX_ghb_e,0.0
GHBt,0.0
GHBtm,0.0
4ABUTtm,0.0
EX_5dglcn_e,0.0
5DGLCNt,0.0
EX_quin_e,0.0
QUINt,0.0
EX_ad_e,0.0
ADtr,0.0
EX_acglu_e,0.0
ACGLUtd,0.0
EX_hom__L_e,0.0
HOMt,0.0
EX_dha_e,0.0
DHAt,0.0
EX_btd_RR_e,0.0
BTDt_RR,0.0
EX_citr__L_e,0.0
CITRte,0.0
EX_mma_e,0.0
MMAt2e,0.0
EX_agm_e,0.0
AGRMte,0.0
AGMt_m,0.0
EX_hista_e,0.0
HISTAtu,0.0
EX_frmd_e,0.0
FRMDt,0.0
EX_gsn_e,0.0
GSNt,0.0
EX_thym_e,0.0
THYMt,0.0
EX_xan_e,0.0
XANt,0.0
EX_xtsn_e,0.0
XTSNtr,0.0
EX_ppi_e,0.0
PPIt2r,0.0
EX_pppi_e,0.0
PPPIt2r,0.0
EX_amp_e,0.0
EX_cmp_e,0.0
EX_gmp_e,0.0
EX_ump_e,0.0
NTD2e,0.0
NTD4e,0.0
NTD7e,0.0
NTD9e,0.0
EX_glyc2p_e,0.0
G2PPe,0.0
EX_cbp_e,0.0
CBPt,0.0
EX_2pg_e,0.0
EX_glyc__R_e,0.0
2PGPe,0.0
GLYC_Rt,0.0
EX_3pg_e,0.0
3PGPe,0.0
EX_pep_e,0.0
PEPPe,0.0
EX_2doxg6p_e,0.0
EX_gam6p_e,0.0
GAM6PPe,0.0
EX_6pgc_e,0.0
GNPe,0.0
EX_35ccmp_e,0.0
CCMPt2,0.0
CAMPt2,0.0
CGMPt2,0.0
EX_man1p_e,0.0
MAN1PPe,0.0
EX_man6p_e,0.0
MAN6PPe,0.0
EX_pser__L_e,0.0
PSERtr,0.0
EX_cholp_e,0.0
CHOLPtr,0.0
EX_ethamp_e,0.0
ETHAMPtr,0.0
EX_dtmp_e,0.0
NTD5e,0.0
EX_minohp_e,0.0
MINOHPtn,0.0
PHYTSe,0.0
MINPP1er,0.0
MINPP2er,0.0
MINPP3er,0.0
MINPP4er,0.0
EX_tsul_e,0.0
TSULt4_3,0.0
EX_Lcyst_e,0.0
LCYSTt,0.0
EX_3sala_e,0.0
3SALAt,0.0
EX_cyst__L_e,0.0
CYST_Ltr,0.0
EX_metsox_S__L_e,0.0
EX_metsox_R__L_e,0.0
METSOX1t,0.0
METSOX2t,0.0
EX_taur_e,0.0
TAURt,0.0
EX_hyptaur_e,0.0
BG_MBDG,0.0
EX_mbdg_e,0.0
MEOHt2,0.0
EX_meoh_e,0.0
RBTt,0.0
EX_rbt_e,0.0
RBTDG,0.0
EX_arbt_e,0.0
EX_hqn_e,0.0
ARBTHe,0.0
EX_salcn_e,0.0
EX_2hxmp_e,0.0
SALCNHe,0.0
EX_btn_e,0.0
BTNt2i,0.0
EX_fol_e,0.0
FOLt,0.0
NADtm,0.0
EX_pydxn_e,0.0
PYDXNtr,0.0
RIBFLVt2,0.0
